750 210
650 155
550 320
450 188
350 339
250 301
150 412
50 281
-50 20
-150 373
-250 26
-350 355
-450 366
-550 334
-650 345
-750 196
-850 38
-950 236
-1050 412
-1150 102
-1250 351
-1350 313
-1450 423
-1550 424
-1650 350
-1750 233
-1850 79
-1950 45
-2050 96
-2150 193
-2250 343
-2350 335
-2450 178
-2550 229
-2650 120
-2750 40
-2850 426
-2950 1
-3050 278
-3150 183
-3250 283
-3350 280
-3450 202
-3550 397
-3650 354
-3750 264
-3850 394
-3950 102
-4050 344
-4150 78
-4250 111
-4350 205
-4450 417
-4550 3
-4650 160
-4750 332
-4850 264
-4950 336
-5050 414
-5150 100
-5250 155
-5350 19
-5450 363
-5550 179
-5650 233
-5750 66
-5850 9
-5950 214
-6050 221
-6150 104
-6250 341
-6350 73
-6450 95
-6550 394
-6650 280
-6750 98
-6850 231
-6950 275
-7050 124
-7150 377
-7250 265
-7350 242
-7450 342
-7550 409
-7650 147
-7750 386
-7850 118
-7950 169
-8050 322
-8150 13
-8250 269
-8350 244
-8450 158
-8550 234
-8650 113
-8750 29
-8850 154
-8950 257
-9050 116
-9150 144
-9250 10
-9350 429
-9450 256
-9550 420
-9650 148
-9750 266
-9850 93
-9950 430
-10050 206
-10150 207
-10250 134
-10350 162
-10450 143
-10550 156
-10650 400
-10750 147
-10850 192
-10950 328
-11050 65
-11150 24
-11250 291
-11350 429
-11450 213
-11550 118
-11650 388
-11750 412
-11850 109
-11950 185
-12050 100
-12150 123
-12250 323
-12350 292
-12450 417
-12550 0
-12650 26
-12750 157
-12850 373
-12950 125
-13050 261
-13150 35
-13250 234
-13350 78
-13450 247
-13550 273
-13650 273
-13750 293
-13850 401
-13950 207
-14050 11
-14150 269
-14250 132
-14350 12
-14450 364
-14550 340
-14650 328
-14750 222
-14850 341
-14950 401
-15050 260
-15150 152
-15250 264
-15350 76
-15450 289
-15550 180
-15650 58
-15750 338
-15850 124
-15950 118
-16050 190
-16150 333
-16250 225
-16350 80
-16450 409
-16550 32
-16650 139
-16750 409
-16850 69
-16950 40
-17050 286
-17150 422
-17250 245
-17350 178
-17450 314
-17550 48
-17650 37
-17750 35
-17850 47
-17950 207
-18050 17
-18150 14
-18250 402
-18350 149
-18450 306
-18550 114
-18650 93
-18750 152
-18850 90
-18950 121
-19050 299
-19150 392
-19250 147
-19350 28
-19450 194
-19550 299
-19650 383
-19750 156
-19850 214
-19950 301
-20050 47
-20150 93
-20250 319
-20350 353
-20450 392
-20550 310
-20650 138
-20750 70
-20850 72
-20950 70
-21050 134
-21150 153
-21250 228
-21350 211
-21450 421
-21550 328
-21650 112
-21750 415
-21850 24
-21950 70
-22050 60
-22150 113
-22250 292
-22350 118
-22450 121
-22550 49
-22650 56
-22750 223
-22850 251
-22950 12
-23050 29
-23150 337
-23250 339
-23350 359
-23450 250
-23550 144
-23650 114
-23750 293
-23850 22
-23950 208
-24050 168
-24150 409
-24250 286
-24350 350
-24450 20
-24550 319
-24650 341
-24750 423
-24850 266
-24950 95
-25050 115
-25150 396
-25250 386
-25350 324
-25450 172
-25550 223
-25650 162
-25750 242
-25850 207
-25950 329
-26050 187
-26150 179
-26250 27
-26350 329
-26450 159
-26550 264
-26650 428
-26750 411
-26850 113
-26950 94
-27050 404
-27150 251
-27250 70
-27350 97
-27450 116
-27550 77
-27650 78
-27750 17
-27850 363
-27950 194
-28050 421
-28150 181
-28250 268
-28350 365
-28450 295
-28550 328
-28650 41
-28750 156
-28850 217
-28950 58
-29050 409
-29150 118
-29250 213
-29350 89
-29450 270
-29550 129
-29650 174
-29750 154
-29850 199
-29950 103
